Function = -0.702806 x^0 + 2.873105 x^1 + -0.484201 x^2 + 0.044900 x^3
f(1.0) = 1.730998